Timesteps: 30
Orders: 50
OU: 15
ResourceTypes: 3
Volumes: [24 26 79 86 32 38 26 91 69 63 36 37 28 60 30 26 87 34 35 13 62 40 18 22 63 50 99 26 32 74 76 98 94 44 88 39 96 67 26 35 11 46 91 96 43 20 76 78 45 25]
OrderRelease: [9 6 2 3 5 1 0 6 7 5 2 6 4 6 8 10 10 2 3 2 4 9 3 8 6 0 3 3 0 5 5 10 6 1 7 2 7 8 3 8 7 9 6 2 10 6 3 7 4 7]
OrderDue: [21 18 8 8 23 19 13 25 16 10 21 22 20 13 20 27 21 10 12 10 18 28 10 17 17 10 10 22 15 25 22 27 23 8 22 14 22 24 10 23 15 26 20 19 29 15 10 24 16 13]
Freeze: [0 0 0 0 0 0 0 0 0 0 0 0 1 0 0 0 0 0 1 0 0 0 0 0 0 0 0 0 0 1 0 0 0 0 0 0 0 0 0 0 0 0 0 0 0 0 0 0 0 0]
FrozenOU: [1 2 3]
MinimumDuration: [11 0 1 3 3 5 5 18 2 2 7 9 0 2 0 9 5 3 7 6 8 15 6 2 4 4 6 8 11 6 14 8 15 5 2 3 5 8 2 7 3 9 3 1 7 6 1 16 2 1]
ResourceOUTime: [134 157 288 115 266 177 253 156 231 140 160 224 199 297 299 209 182 287 264 244 254 160 117 175 195 207 102 164 197 125 200 171 300 268 147 115 286 161 177 220 260 158 112 163 107 136 132 153 183 299 202 164 126 129 237 157 130 148 244 288 109 186 206 102 114 174 167 244 278 300 233 166 277 224 267 270 248 203 171 280 191 242 224 132 171 279 120 187 166 105 114 262 127 116 266 294 136 205 238 142 100 214 177 149 103 198 243 189 152 184 199 237 176 284 188 155 126 180 259 181 294 238 111 276 265 236 104 100 274 279 113 241 231 279 262 265 243 146 202 235 275 243 121 106 166 261 212 196 203 241 296 279 238 156 128 123 196 127 188 278 266 132 196 187 109 119 282 299 127 115 127 262 139 259 273 172 131 228 297 271 266 163 272 200 227 276 208 281 251 273 127 291 184 138 167 136 278 154 170 206 138 103 151 165 130 184 236 169 114 172 173 127 122 131 149 234 269 133 295 249 103 220 105 250 266 189 182 102 259 233 152 133 205 143 128 220 244 183 246 294 271 184 131 111 219 243 296 123 294 141 106 116 190 106 234 111 195 177 126 123 279 102 125 222 146 198 232 140 248 202 134 175 101 118 101 298 117 190 157 229 139 131 293 115 246 206 259 205 171 238 292 265 168 160 148 105 185 211 173 185 164 136 146 113 246 175 116 192 137 156 158 146 214 130 157 191 100 262 269 132 170 177 175 229 148 195 102 179 225 211 230 249 283 107 188 179 148 257 195 116 246 257 285 139 116 194 298 295 181 114 166 245 183 225 282 122 265 105 115 183 185 142 162 224 152 139 109 125 179 129 289 142 224 131 262 286 254 247 161 259 264 114 272 213 213 225 252 212 196 149 251 133 118 264 195 190 234 256 223 249 208 255 196 277 222 157 230 144 277 136 295 270 188 145 259 185 175 142 214 199 152 112 152 173 242 277 295 261 217 152 156 166 176 239 280 128 197 183 178 133 295 229 201 216 232 283 280 187 144 274 292 274 288 269 125 188 281 152 297 275 264 170 226 109 165 251 201 121 133 160 214 224 292 299 254 147 186 103 174 219 229 106 293 293 185 206 292 212 146 295 288 144 183 150 212 219 168 207 140 297 240 190 193 234 155 278 286 239 212 120 265 225 148 167 299 241 183 217 219 217 120 132 240 293 232 173 270 298 295 174 128 279 252 266 222 165 269 269 300 213 145 186 162 288 292 112 227 168 299 239 131 169 138 292 289 219 101 252 162 162 224 267 210 145 164 221 184 112 218 132 232 166 103 139 138 114 281 272 154 108 225 177 293 196 210 120 208 143 261 276 227 256 216 240 132 127 168 288 258 290 203 275 299 277 101 125 188 194 187 109 182 280 162 229 243 139 109 142 136 109 188 246 109 147 186 135 143 175 295 139 250 247 163 157 222 163 262 277 151 205 130 221 123 138 239 135 232 193 188 265 164 140 125 107 143 220 124 103 148 171 271 278 191 238 244 212 223 283 198 121 175 209 153 274 164 105 202 156 266 271 101 167 218 158 167 142 280 100 226 260 289 172 159 289 115 181 248 256 288 285 166 126 272 285 215 147 274 157 227 113 269 265 102 273 260 203 113 179 283 293 171 288 202 271 191 132 219 269 158 212 166 138 140 296 225 159 122 298 236 264 137 213 258 230 263 283 241 187 242 249 255 195 145 198 280 147 277 232 250 174 178 184 228 162 239 183 265 214 279 274 154 113 229 294 189 140 191 132 266 171 215 128 222 159 128 266 105 238 115 213 297 168 107 230 197 211 165 186 204 130 254 206 183 143 211 248 234 267 259 128 169 218 213 211 242 185 243 182 153 158 164 221 218 283 135 246 230 153 191 246 293 141 248 191 221 267 250 160 189 231 111 254 241 268 262 237 152 243 289 220 120 211 162 203 123 141 148 272 146 163 196 250 256 113 133 107 211 198 130 211 160 124 138 290 284 203 288 299 122 245 147 227 122 168 114 221 223 272 140 218 124 107 150 209 147 125 186 258 185 236 158 195 223 139 224 130 140 125 273 164 189 129 183 230 219 155 229 291 150 210 217 239 106 269 272 145 267 255 130 146 226 240 244 195 135 187 176 140 296 238 266 124 203 116 105 130 252 153 161 250 230 196 166 273 175 130 166 282 248 294 210 183 106 235 211 212 196 136 227 193 255 222 106 195 156 154 268 134 192 193 245 157 232 231 192 298 168 285 156 224 244 230 201 213 199 109 279 296 165 124 189 205 293 237 241 298 101 253 186 274 268 267 167 218 158 202 217 292 206 295 138 266 222 186 255 211 194 291 183 271 253 249 191 297 130 138 240 288 175 279 150 213 182 250 172 170 164 183 114 235 283 144 119 209 148 171 140 113 176 274 200 187 203 218 260 239 297 246 287 278 173 246 252 249 235 160 261 255 235 273 189 184 166 255 118 240 149 184 197 258 290 109 269 239 161 282 225 175 137 275 211 252 164 285 253 153 171 118 188 133 100 250 172 139 188 213 261 106 205 110 166 282 104 231 229 277 279 252 253 116 118 171 100 243 182 198 182 106 273 282 193 252 259 185 188 119 236 252 230 215 261 181 132 119 144 277 195 274 194 127 251 224 252 181 213 176 189 194 280 258 267 142 208 183 116 150 103 230 170 293 171 183 203 139 137 289 151 124 237 150 128 141 221 193 147 151 241 114 226 255 192 287 225 197 154 297 257 226 276 284 135 290 238 264 223 195 275 230 231 292 196 182 278 161 169 118 103 224 271 274 131 136 130 219 243 237 182 284 199 225 135 138 250 156 285 231 180 260 132 179 189 163 101 167 159 151 212 219 191 268 153 241 250 133 109 290 263 124 268 143 218 166 141 154 174 175 281 169 173 161 189 249 249 226 292 220 172 129 235 186 223 244 141 127 204 296 280 253 279 195 167 270 265 126 242 294 245 210 284 283 280 263 235 128 162 159 264 129 204 271 154 281 283 188 107 221 258 117 209 288 249 167 245 288 276 122 112 137 151 246 154 104 140 168 166 165 264 132 237 297]
OrderCost: [110 179 159 115 84 85 100 184 202 95 197 234 200 110 224 88 279 254 124 230 172 279 253 248 192 104 270 140 275 243 245 278 234 108 166 224 101 242 240 168 206 203 142 91 170 195 247 96 278 216 120 124 112 225 228 219 201 91 135 270 273 171 248 174 226 166 89 174 192 162 273 84 188 272 93 225 178 267 274 126 168 92 172 118 167 216 152 217 280 250 241 242 117 209 248 173 177 208 144 108 236 195 116 228 95 98 99 249 239 235 251 88 80 136 128 132 143 93 279 252 243 103 109 205 169 137 243 125 84 85 205 223 160 111 205 219 280 278 257 121 239 170 140 225 200 218 260 116 149 267]
