Timesteps: 30
Orders: 50
OU: 10
ResourceTypes: 2
Volumes: [373 310 362 397 333 304 300 318 384 375 360 397 394 347 340 398 302 334 362 325 393 352 368 369 387 312 324 372 370 389 393 333 384 378 387 311 354 342 311 346 352 332 356 389 312 396 325 389 381 337]
OrderRelease: [1 0 9 3 10 5 7 3 8 9 10 8 0 10 5 3 9 6 4 5 9 1 1 8 10 8 3 1 9 10 4 4 3 6 7 3 2 9 3 8 0 3 2 0 10 5 8 10 9 9]
OrderDue: [15 16 26 20 24 14 27 9 18 27 27 16 19 22 12 22 28 23 11 23 29 15 19 15 21 21 22 21 19 15 9 12 16 22 18 16 21 24 16 26 18 23 15 20 30 25 17 27 29 23]
Freeze: [1 0 0 0 0 0 0 0 0 0 0 0 0 0 0 0 0 0 0 0 0 0 0 0 0 0 0 0 0 0 0 0 0 0 0 0 0 0 0 0 0 0 0 0 0 0 0 0 0 0]
FrozenOU: [1]
MinimumDuration: [8 4 14 11 6 0 12 4 1 16 8 3 10 5 4 15 5 6 2 0 10 3 4 3 4 4 13 4 6 1 3 5 4 0 10 9 14 3 5 15 2 13 5 2 14 12 1 5 19 2]
ResourceOUTime: [4 4 4 4 4 4 4 4 4 4 4 4 4 4 4 4 4 4 4 4 4 4 4 4 4 4 4 4 4 4 4 4 4 4 4 4 4 4 4 4 4 4 4 4 4 4 4 4 4 4 4 4 4 4 4 4 4 4 4 4 5 5 5 5 5 5 5 5 5 5 5 5 5 5 5 5 5 5 5 5 5 5 5 5 5 5 5 5 5 5 4 4 4 4 4 4 4 4 4 4 4 4 4 4 4 4 4 4 4 4 4 4 4 4 4 4 4 4 4 4 6 6 6 6 6 6 6 6 6 6 6 6 6 6 6 6 6 6 6 6 6 6 6 6 6 6 6 6 6 6 4 4 4 4 4 4 4 4 4 4 4 4 4 4 4 4 4 4 4 4 4 4 4 4 4 4 4 4 4 4 4 4 4 4 4 4 4 4 4 4 4 4 4 4 4 4 4 4 4 4 4 4 4 4 4 4 4 4 4 4 4 4 4 4 4 4 4 4 4 4 4 4 4 4 4 4 4 4 4 4 4 4 4 4 4 4 4 4 4 4 6 6 6 6 6 6 6 6 6 6 6 6 6 6 6 6 6 6 6 6 6 6 6 6 6 6 6 6 6 6 4 4 4 4 4 4 4 4 4 4 4 4 4 4 4 4 4 4 4 4 4 4 4 4 4 4 4 4 4 4 32 32 32 32 32 32 32 32 32 32 32 32 32 32 32 32 32 32 32 32 32 32 32 32 32 32 32 32 32 32 24 24 24 24 24 24 24 24 24 24 24 24 24 24 24 24 24 24 24 24 24 24 24 24 24 24 24 24 24 24 16 16 16 16 16 16 16 16 16 16 16 16 16 16 16 16 16 16 16 16 16 16 16 16 16 16 16 16 16 16 40 40 40 40 40 40 40 40 40 40 40 40 40 40 40 40 40 40 40 40 40 40 40 40 40 40 40 40 40 40 24 24 24 24 24 24 24 24 24 24 24 24 24 24 24 24 24 24 24 24 24 24 24 24 24 24 24 24 24 24 32 32 32 32 32 32 32 32 32 32 32 32 32 32 32 32 32 32 32 32 32 32 32 32 32 32 32 32 32 32 40 40 40 40 40 40 40 40 40 40 40 40 40 40 40 40 40 40 40 40 40 40 40 40 40 40 40 40 40 40 40 40 40 40 40 40 40 40 40 40 40 40 40 40 40 40 40 40 40 40 40 40 40 40 40 40 40 40 40 40 16 16 16 16 16 16 16 16 16 16 16 16 16 16 16 16 16 16 16 16 16 16 16 16 16 16 16 16 16 16 40 40 40 40 40 40 40 40 40 40 40 40 40 40 40 40 40 40 40 40 40 40 40 40 40 40 40 40 40 40]
OrderCost: [4 4 5 4 4 4 3 3 6 3 3 5 3 4 4 5 6 3 6 3 4 3 6 5 6 4 4 3 5 3 3 5 3 3 5 3 4 3 3 3 5 5 4 6 4 6 6 6 5 5 128 96 160 144 80 144 192 216 288 144 256 128 112 168 144 168 320 144 112 80 216 192 160 128 144 144 144 256 168 288 168 320 112 80 144 288 192 288 160 80 160 112 144 192 96 160 128 256 160 288]
