Timesteps: 30
Orders: 50
OU: 10
ResourceTypes: 2
Volumes: [330 375 369 316 347 377 360 380 374 308 377 301 360 333 370 329 324 391 360 369 370 360 350 381 319 329 381 319 366 349 394 301 385 399 308 320 397 375 305 338 399 303 334 360 376 392 349 391 400 354]
OrderRelease: [6 9 7 2 5 1 0 2 7 3 4 10 6 10 4 6 8 6 9 5 8 9 6 9 3 5 10 0 4 9 10 2 5 8 9 9 1 10 3 10 9 4 4 1 1 7 10 7 1 5]
OrderDue: [13 27 16 7 19 19 18 10 13 9 21 25 19 22 10 20 13 13 17 11 19 27 20 22 12 11 25 15 20 18 27 19 24 25 17 22 19 22 17 28 22 18 19 6 19 22 15 24 10 11]
Freeze: [1 0 0 0 0 0 0 0 0 0 0 0 0 0 0 0 0 0 0 0 0 0 0 0 0 0 0 0 0 0 0 0 0 0 0 0 0 0 0 0 0 0 0 0 0 0 0 0 0 0]
FrozenOU: [1]
MinimumDuration: [2 14 0 3 8 7 9 6 2 3 4 8 0 4 1 6 4 4 4 3 10 12 0 5 6 4 14 8 14 7 14 16 2 4 0 10 9 2 12 7 0 6 1 2 4 0 2 0 8 0]
ResourceOUTime: [4 4 4 4 4 4 4 4 4 4 4 4 4 4 4 4 4 4 4 4 4 4 4 4 4 4 4 4 4 4 5 5 5 5 5 5 5 5 5 5 5 5 5 5 5 5 5 5 5 5 5 5 5 5 5 5 5 5 5 5 6 6 6 6 6 6 6 6 6 6 6 6 6 6 6 6 6 6 6 6 6 6 6 6 6 6 6 6 6 6 3 3 3 3 3 3 3 3 3 3 3 3 3 3 3 3 3 3 3 3 3 3 3 3 3 3 3 3 3 3 5 5 5 5 5 5 5 5 5 5 5 5 5 5 5 5 5 5 5 5 5 5 5 5 5 5 5 5 5 5 4 4 4 4 4 4 4 4 4 4 4 4 4 4 4 4 4 4 4 4 4 4 4 4 4 4 4 4 4 4 4 4 4 4 4 4 4 4 4 4 4 4 4 4 4 4 4 4 4 4 4 4 4 4 4 4 4 4 4 4 3 3 3 3 3 3 3 3 3 3 3 3 3 3 3 3 3 3 3 3 3 3 3 3 3 3 3 3 3 3 3 3 3 3 3 3 3 3 3 3 3 3 3 3 3 3 3 3 3 3 3 3 3 3 3 3 3 3 3 3 4 4 4 4 4 4 4 4 4 4 4 4 4 4 4 4 4 4 4 4 4 4 4 4 4 4 4 4 4 4 24 24 24 24 24 24 24 24 24 24 24 24 24 24 24 24 24 24 24 24 24 24 24 24 24 24 24 24 24 24 32 32 32 32 32 32 32 32 32 32 32 32 32 32 32 32 32 32 32 32 32 32 32 32 32 32 32 32 32 32 24 24 24 24 24 24 24 24 24 24 24 24 24 24 24 24 24 24 24 24 24 24 24 24 24 24 24 24 24 24 16 16 16 16 16 16 16 16 16 16 16 16 16 16 16 16 16 16 16 16 16 16 16 16 16 16 16 16 16 16 40 40 40 40 40 40 40 40 40 40 40 40 40 40 40 40 40 40 40 40 40 40 40 40 40 40 40 40 40 40 40 40 40 40 40 40 40 40 40 40 40 40 40 40 40 40 40 40 40 40 40 40 40 40 40 40 40 40 40 40 16 16 16 16 16 16 16 16 16 16 16 16 16 16 16 16 16 16 16 16 16 16 16 16 16 16 16 16 16 16 32 32 32 32 32 32 32 32 32 32 32 32 32 32 32 32 32 32 32 32 32 32 32 32 32 32 32 32 32 32 24 24 24 24 24 24 24 24 24 24 24 24 24 24 24 24 24 24 24 24 24 24 24 24 24 24 24 24 24 24 32 32 32 32 32 32 32 32 32 32 32 32 32 32 32 32 32 32 32 32 32 32 32 32 32 32 32 32 32 32]
OrderCost: [6 6 3 4 3 3 3 3 6 4 3 6 6 5 5 5 3 3 6 4 5 6 3 6 5 6 5 6 3 4 5 3 4 4 5 5 6 3 6 3 5 3 3 4 6 3 3 6 3 3 160 240 216 120 144 288 192 144 160 160 224 192 96 160 128 320 168 216 168 256 128 192 240 128 288 320 320 144 256 96 128 256 288 216 192 112 96 288 144 288 240 256 288 224 112 112 192 96 224 112]
