Timesteps: 30
Orders: 50
OU: 10
ResourceTypes: 2
Volumes: [329 347 348 316 324 390 305 310 317 331 364 326 351 382 303 358 362 358 349 363 373 324 351 311 362 329 397 302 389 334 366 352 360 348 392 314 384 333 312 308 349 379 348 313 384 307 343 330 388 311]
OrderRelease: [7 10 8 3 9 2 9 1 8 0 7 3 2 9 7 9 7 4 8 5 6 2 2 9 1 8 5 5 10 7 8 9 3 4 2 5 8 4 8 10 1 8 8 3 5 3 0 4 5 3]
OrderDue: [20 16 26 16 26 16 27 11 25 8 17 8 13 19 21 17 12 21 23 15 24 14 11 27 20 26 23 12 17 21 16 15 10 12 18 14 28 13 15 21 6 17 23 20 13 17 16 19 21 8]
Freeze: [0 1 0 0 0 0 0 0 0 0 0 0 0 0 0 0 0 0 0 0 0 0 0 0 0 0 0 0 0 0 0 0 0 0 0 0 0 0 0 0 0 0 0 0 0 0 0 0 0 0]
FrozenOU: [1]
MinimumDuration: [4 5 7 8 1 5 13 8 12 2 3 4 3 8 9 0 2 6 8 9 3 4 3 16 9 12 6 4 4 9 1 4 3 0 2 4 17 8 5 6 4 8 4 14 2 13 10 3 3 1]
ResourceOUTime: [6 6 6 6 6 6 6 6 6 6 6 6 6 6 6 6 6 6 6 6 6 6 6 6 6 6 6 6 6 6 4 4 4 4 4 4 4 4 4 4 4 4 4 4 4 4 4 4 4 4 4 4 4 4 4 4 4 4 4 4 4 4 4 4 4 4 4 4 4 4 4 4 4 4 4 4 4 4 4 4 4 4 4 4 4 4 4 4 4 4 4 4 4 4 4 4 4 4 4 4 4 4 4 4 4 4 4 4 4 4 4 4 4 4 4 4 4 4 4 4 5 5 5 5 5 5 5 5 5 5 5 5 5 5 5 5 5 5 5 5 5 5 5 5 5 5 5 5 5 5 6 6 6 6 6 6 6 6 6 6 6 6 6 6 6 6 6 6 6 6 6 6 6 6 6 6 6 6 6 6 3 3 3 3 3 3 3 3 3 3 3 3 3 3 3 3 3 3 3 3 3 3 3 3 3 3 3 3 3 3 3 3 3 3 3 3 3 3 3 3 3 3 3 3 3 3 3 3 3 3 3 3 3 3 3 3 3 3 3 3 6 6 6 6 6 6 6 6 6 6 6 6 6 6 6 6 6 6 6 6 6 6 6 6 6 6 6 6 6 6 3 3 3 3 3 3 3 3 3 3 3 3 3 3 3 3 3 3 3 3 3 3 3 3 3 3 3 3 3 3 24 24 24 24 24 24 24 24 24 24 24 24 24 24 24 24 24 24 24 24 24 24 24 24 24 24 24 24 24 24 40 40 40 40 40 40 40 40 40 40 40 40 40 40 40 40 40 40 40 40 40 40 40 40 40 40 40 40 40 40 16 16 16 16 16 16 16 16 16 16 16 16 16 16 16 16 16 16 16 16 16 16 16 16 16 16 16 16 16 16 24 24 24 24 24 24 24 24 24 24 24 24 24 24 24 24 24 24 24 24 24 24 24 24 24 24 24 24 24 24 16 16 16 16 16 16 16 16 16 16 16 16 16 16 16 16 16 16 16 16 16 16 16 16 16 16 16 16 16 16 24 24 24 24 24 24 24 24 24 24 24 24 24 24 24 24 24 24 24 24 24 24 24 24 24 24 24 24 24 24 32 32 32 32 32 32 32 32 32 32 32 32 32 32 32 32 32 32 32 32 32 32 32 32 32 32 32 32 32 32 16 16 16 16 16 16 16 16 16 16 16 16 16 16 16 16 16 16 16 16 16 16 16 16 16 16 16 16 16 16 16 16 16 16 16 16 16 16 16 16 16 16 16 16 16 16 16 16 16 16 16 16 16 16 16 16 16 16 16 16 40 40 40 40 40 40 40 40 40 40 40 40 40 40 40 40 40 40 40 40 40 40 40 40 40 40 40 40 40 40]
OrderCost: [6 5 3 5 3 3 4 5 4 3 5 5 5 3 3 5 4 5 4 3 4 5 5 4 3 4 5 4 6 3 4 5 6 4 6 6 5 6 5 6 4 5 6 5 5 6 6 6 5 3 216 168 240 144 160 80 128 192 216 288 112 160 320 224 120 240 128 160 128 216 168 168 320 160 192 320 224 80 144 192 192 192 144 224 128 224 320 192 168 192 240 160 240 168 144 160 240 320 168 216]
