Timesteps: 30
Orders: 50
OU: 10
ResourceTypes: 2
Volumes: [317 372 397 308 332 315 363 397 357 360 383 348 400 326 312 362 303 349 355 377 397 398 300 389 357 334 392 329 375 313 340 303 302 303 383 369 301 348 387 327 354 392 303 367 328 397 356 363 370 329]
OrderRelease: [5 3 10 3 7 4 0 6 8 10 1 2 10 4 1 5 8 6 8 10 3 4 4 9 7 8 6 9 0 7 3 6 6 10 2 5 8 10 5 1 7 10 8 1 2 8 6 5 7 0]
OrderDue: [25 9 24 20 17 14 12 11 19 22 18 18 26 23 14 10 25 15 19 28 9 24 20 20 25 28 22 27 16 12 18 25 11 22 12 15 15 23 11 8 14 15 27 6 15 20 19 13 17 16]
Freeze: [0 0 0 0 0 0 0 0 0 0 0 0 0 0 0 0 0 0 0 0 0 0 0 0 0 0 0 0 0 0 0 0 0 0 0 0 0 0 0 0 0 0 0 0 0 0 0 0 0 0]
FrozenOU: []
MinimumDuration: [17 3 3 15 4 8 10 3 6 0 3 1 9 17 7 2 15 3 5 0 3 8 4 1 15 16 9 2 6 1 1 7 2 10 8 5 5 6 0 0 0 0 10 1 4 6 3 2 1 3]
ResourceOUTime: [6 6 6 6 6 6 6 6 6 6 6 6 6 6 6 6 6 6 6 6 6 6 6 6 6 6 6 6 6 6 4 4 4 4 4 4 4 4 4 4 4 4 4 4 4 4 4 4 4 4 4 4 4 4 4 4 4 4 4 4 3 3 3 3 3 3 3 3 3 3 3 3 3 3 3 3 3 3 3 3 3 3 3 3 3 3 3 3 3 3 5 5 5 5 5 5 5 5 5 5 5 5 5 5 5 5 5 5 5 5 5 5 5 5 5 5 5 5 5 5 3 3 3 3 3 3 3 3 3 3 3 3 3 3 3 3 3 3 3 3 3 3 3 3 3 3 3 3 3 3 6 6 6 6 6 6 6 6 6 6 6 6 6 6 6 6 6 6 6 6 6 6 6 6 6 6 6 6 6 6 3 3 3 3 3 3 3 3 3 3 3 3 3 3 3 3 3 3 3 3 3 3 3 3 3 3 3 3 3 3 6 6 6 6 6 6 6 6 6 6 6 6 6 6 6 6 6 6 6 6 6 6 6 6 6 6 6 6 6 6 4 4 4 4 4 4 4 4 4 4 4 4 4 4 4 4 4 4 4 4 4 4 4 4 4 4 4 4 4 4 4 4 4 4 4 4 4 4 4 4 4 4 4 4 4 4 4 4 4 4 4 4 4 4 4 4 4 4 4 4 32 32 32 32 32 32 32 32 32 32 32 32 32 32 32 32 32 32 32 32 32 32 32 32 32 32 32 32 32 32 16 16 16 16 16 16 16 16 16 16 16 16 16 16 16 16 16 16 16 16 16 16 16 16 16 16 16 16 16 16 40 40 40 40 40 40 40 40 40 40 40 40 40 40 40 40 40 40 40 40 40 40 40 40 40 40 40 40 40 40 16 16 16 16 16 16 16 16 16 16 16 16 16 16 16 16 16 16 16 16 16 16 16 16 16 16 16 16 16 16 24 24 24 24 24 24 24 24 24 24 24 24 24 24 24 24 24 24 24 24 24 24 24 24 24 24 24 24 24 24 16 16 16 16 16 16 16 16 16 16 16 16 16 16 16 16 16 16 16 16 16 16 16 16 16 16 16 16 16 16 32 32 32 32 32 32 32 32 32 32 32 32 32 32 32 32 32 32 32 32 32 32 32 32 32 32 32 32 32 32 32 32 32 32 32 32 32 32 32 32 32 32 32 32 32 32 32 32 32 32 32 32 32 32 32 32 32 32 32 32 32 32 32 32 32 32 32 32 32 32 32 32 32 32 32 32 32 32 32 32 32 32 32 32 32 32 32 32 32 32 16 16 16 16 16 16 16 16 16 16 16 16 16 16 16 16 16 16 16 16 16 16 16 16 16 16 16 16 16 16]
OrderCost: [6 3 5 3 6 3 4 6 3 4 4 3 6 5 5 6 3 5 3 5 5 6 6 3 6 5 6 5 4 4 4 5 5 6 5 6 3 4 5 5 3 4 4 3 3 3 3 5 6 3 120 320 96 96 168 160 288 144 96 320 112 320 320 192 112 216 80 320 112 160 192 224 256 256 128 144 192 160 216 80 224 192 192 112 192 256 144 96 120 144 216 256 320 192 112 240 144 256 216 320]
