Timesteps: 30
Orders: 50
OU: 10
ResourceTypes: 2
Volumes: [330 338 313 392 350 361 319 311 308 302 351 370 337 397 307 328 366 368 346 335 399 322 313 333 327 303 382 333 334 324 321 339 337 380 393 347 311 377 343 385 349 364 331 322 331 360 335 311 370 338]
OrderRelease: [0 4 9 4 8 3 6 6 9 4 6 7 2 3 4 4 0 1 0 7 10 4 8 8 10 7 5 2 10 3 1 6 3 10 10 7 4 2 5 6 9 5 10 8 3 5 1 0 3 4]
OrderDue: [12 12 24 14 22 22 11 12 25 11 20 22 7 18 18 19 9 19 7 21 21 23 22 17 23 24 15 17 15 19 7 25 13 26 26 21 12 21 16 24 20 13 16 14 9 15 10 6 23 16]
Freeze: [0 0 1 0 0 0 0 0 0 0 0 0 0 0 0 0 0 0 0 0 0 0 0 0 0 0 0 0 0 0 0 0 0 0 0 0 0 0 0 0 0 0 0 0 0 0 0 0 0 0]
FrozenOU: [1]
MinimumDuration: [3 5 2 3 8 14 1 5 13 4 6 7 2 5 11 3 1 10 1 5 8 7 3 0 12 2 6 12 2 12 5 8 0 11 1 7 2 14 0 1 9 7 1 2 0 9 4 1 19 4]
ResourceOUTime: [6 6 6 6 6 6 6 6 6 6 6 6 6 6 6 6 6 6 6 6 6 6 6 6 6 6 6 6 6 6 6 6 6 6 6 6 6 6 6 6 6 6 6 6 6 6 6 6 6 6 6 6 6 6 6 6 6 6 6 6 3 3 3 3 3 3 3 3 3 3 3 3 3 3 3 3 3 3 3 3 3 3 3 3 3 3 3 3 3 3 3 3 3 3 3 3 3 3 3 3 3 3 3 3 3 3 3 3 3 3 3 3 3 3 3 3 3 3 3 3 3 3 3 3 3 3 3 3 3 3 3 3 3 3 3 3 3 3 3 3 3 3 3 3 3 3 3 3 3 3 5 5 5 5 5 5 5 5 5 5 5 5 5 5 5 5 5 5 5 5 5 5 5 5 5 5 5 5 5 5 6 6 6 6 6 6 6 6 6 6 6 6 6 6 6 6 6 6 6 6 6 6 6 6 6 6 6 6 6 6 6 6 6 6 6 6 6 6 6 6 6 6 6 6 6 6 6 6 6 6 6 6 6 6 6 6 6 6 6 6 6 6 6 6 6 6 6 6 6 6 6 6 6 6 6 6 6 6 6 6 6 6 6 6 6 6 6 6 6 6 3 3 3 3 3 3 3 3 3 3 3 3 3 3 3 3 3 3 3 3 3 3 3 3 3 3 3 3 3 3 24 24 24 24 24 24 24 24 24 24 24 24 24 24 24 24 24 24 24 24 24 24 24 24 24 24 24 24 24 24 32 32 32 32 32 32 32 32 32 32 32 32 32 32 32 32 32 32 32 32 32 32 32 32 32 32 32 32 32 32 40 40 40 40 40 40 40 40 40 40 40 40 40 40 40 40 40 40 40 40 40 40 40 40 40 40 40 40 40 40 40 40 40 40 40 40 40 40 40 40 40 40 40 40 40 40 40 40 40 40 40 40 40 40 40 40 40 40 40 40 16 16 16 16 16 16 16 16 16 16 16 16 16 16 16 16 16 16 16 16 16 16 16 16 16 16 16 16 16 16 24 24 24 24 24 24 24 24 24 24 24 24 24 24 24 24 24 24 24 24 24 24 24 24 24 24 24 24 24 24 32 32 32 32 32 32 32 32 32 32 32 32 32 32 32 32 32 32 32 32 32 32 32 32 32 32 32 32 32 32 24 24 24 24 24 24 24 24 24 24 24 24 24 24 24 24 24 24 24 24 24 24 24 24 24 24 24 24 24 24 24 24 24 24 24 24 24 24 24 24 24 24 24 24 24 24 24 24 24 24 24 24 24 24 24 24 24 24 24 24 24 24 24 24 24 24 24 24 24 24 24 24 24 24 24 24 24 24 24 24 24 24 24 24 24 24 24 24 24 24]
OrderCost: [5 5 3 4 5 3 6 3 4 5 4 3 3 5 6 5 6 6 4 5 5 6 4 4 5 5 3 6 4 5 4 3 3 3 3 4 6 3 4 6 4 5 6 4 4 5 5 6 6 5 216 112 144 240 288 192 216 96 160 240 216 120 192 160 216 96 80 144 96 216 288 320 224 144 96 96 112 80 120 224 320 192 192 256 160 160 224 160 288 144 144 112 216 128 96 216 216 224 168 128]
