Timesteps: 30
Orders: 50
OU: 10
ResourceTypes: 2
Volumes: [349 397 353 305 333 365 362 351 400 338 361 345 374 327 364 317 336 317 396 312 379 332 368 390 377 318 339 312 393 309 387 342 360 371 312 345 355 340 378 381 326 370 361 356 366 333 307 370 301 311]
OrderRelease: [6 10 10 0 9 7 5 3 5 1 3 9 3 3 2 8 7 1 1 5 8 7 1 4 8 4 1 8 5 8 3 9 8 9 4 7 1 9 6 5 9 3 4 2 3 2 0 9 10 4]
OrderDue: [26 17 17 9 18 13 12 20 18 13 14 27 16 22 22 24 14 16 9 25 23 18 13 9 21 12 13 24 15 23 21 15 16 18 16 13 8 14 14 16 17 20 11 18 11 8 5 20 20 12]
Freeze: [1 0 0 0 0 0 0 0 0 0 0 0 0 0 0 0 0 0 0 0 0 0 0 0 0 0 0 0 0 0 0 0 0 0 0 0 0 0 0 0 0 0 0 0 0 0 0 0 0 0]
FrozenOU: [1]
MinimumDuration: [11 6 5 1 2 4 5 1 7 8 1 4 5 13 13 13 0 13 4 15 10 1 0 3 5 7 10 9 0 0 5 5 0 7 11 2 3 4 7 9 1 0 6 6 0 0 3 10 6 4]
ResourceOUTime: [4 4 4 4 4 4 4 4 4 4 4 4 4 4 4 4 4 4 4 4 4 4 4 4 4 4 4 4 4 4 3 3 3 3 3 3 3 3 3 3 3 3 3 3 3 3 3 3 3 3 3 3 3 3 3 3 3 3 3 3 4 4 4 4 4 4 4 4 4 4 4 4 4 4 4 4 4 4 4 4 4 4 4 4 4 4 4 4 4 4 5 5 5 5 5 5 5 5 5 5 5 5 5 5 5 5 5 5 5 5 5 5 5 5 5 5 5 5 5 5 5 5 5 5 5 5 5 5 5 5 5 5 5 5 5 5 5 5 5 5 5 5 5 5 5 5 5 5 5 5 4 4 4 4 4 4 4 4 4 4 4 4 4 4 4 4 4 4 4 4 4 4 4 4 4 4 4 4 4 4 3 3 3 3 3 3 3 3 3 3 3 3 3 3 3 3 3 3 3 3 3 3 3 3 3 3 3 3 3 3 6 6 6 6 6 6 6 6 6 6 6 6 6 6 6 6 6 6 6 6 6 6 6 6 6 6 6 6 6 6 6 6 6 6 6 6 6 6 6 6 6 6 6 6 6 6 6 6 6 6 6 6 6 6 6 6 6 6 6 6 3 3 3 3 3 3 3 3 3 3 3 3 3 3 3 3 3 3 3 3 3 3 3 3 3 3 3 3 3 3 16 16 16 16 16 16 16 16 16 16 16 16 16 16 16 16 16 16 16 16 16 16 16 16 16 16 16 16 16 16 32 32 32 32 32 32 32 32 32 32 32 32 32 32 32 32 32 32 32 32 32 32 32 32 32 32 32 32 32 32 40 40 40 40 40 40 40 40 40 40 40 40 40 40 40 40 40 40 40 40 40 40 40 40 40 40 40 40 40 40 16 16 16 16 16 16 16 16 16 16 16 16 16 16 16 16 16 16 16 16 16 16 16 16 16 16 16 16 16 16 32 32 32 32 32 32 32 32 32 32 32 32 32 32 32 32 32 32 32 32 32 32 32 32 32 32 32 32 32 32 24 24 24 24 24 24 24 24 24 24 24 24 24 24 24 24 24 24 24 24 24 24 24 24 24 24 24 24 24 24 32 32 32 32 32 32 32 32 32 32 32 32 32 32 32 32 32 32 32 32 32 32 32 32 32 32 32 32 32 32 16 16 16 16 16 16 16 16 16 16 16 16 16 16 16 16 16 16 16 16 16 16 16 16 16 16 16 16 16 16 24 24 24 24 24 24 24 24 24 24 24 24 24 24 24 24 24 24 24 24 24 24 24 24 24 24 24 24 24 24 32 32 32 32 32 32 32 32 32 32 32 32 32 32 32 32 32 32 32 32 32 32 32 32 32 32 32 32 32 32]
OrderCost: [3 3 5 5 3 6 6 6 4 6 5 4 5 5 3 3 5 4 5 6 4 3 4 5 3 6 5 3 6 5 3 3 6 3 5 4 6 3 3 4 6 3 5 6 4 3 4 4 4 3 160 256 192 128 168 160 96 192 96 192 216 80 256 144 240 256 256 224 192 320 144 192 112 320 168 144 112 192 216 240 256 80 160 96 80 120 168 96 256 216 216 160 160 288 160 256 112 288 192 216]
