Timesteps: 30
Orders: 50
OU: 10
ResourceTypes: 2
Volumes: [379 332 394 345 388 394 383 367 303 359 399 331 383 306 320 314 347 360 331 348 369 313 373 331 301 393 327 352 335 323 398 349 320 397 309 317 379 379 356 316 316 300 300 326 399 327 321 321 337 340]
OrderRelease: [3 8 10 10 3 2 3 6 4 0 5 6 2 2 4 1 5 4 9 9 0 9 10 5 1 4 5 4 7 5 2 7 7 2 0 4 0 5 6 0 8 6 5 6 9 0 7 0 2 9]
OrderDue: [14 16 22 29 19 18 16 25 12 16 19 12 20 9 15 16 21 13 24 22 7 23 25 19 11 11 14 18 27 15 8 14 24 8 12 20 13 24 24 9 14 12 25 21 20 9 16 18 10 19]
Freeze: [0 1 0 0 0 0 0 0 0 0 0 0 0 0 0 0 0 0 0 0 0 0 0 0 0 0 0 0 0 0 0 0 0 0 0 0 0 0 0 0 0 0 0 0 0 0 0 0 0 0]
FrozenOU: [1]
MinimumDuration: [7 5 9 6 13 13 8 18 7 8 7 0 15 6 5 10 11 6 2 10 4 9 6 8 7 4 6 0 3 4 3 1 11 3 0 7 2 1 2 2 1 1 0 6 4 5 5 4 7 0]
ResourceOUTime: [6 6 6 6 6 6 6 6 6 6 6 6 6 6 6 6 6 6 6 6 6 6 6 6 6 6 6 6 6 6 5 5 5 5 5 5 5 5 5 5 5 5 5 5 5 5 5 5 5 5 5 5 5 5 5 5 5 5 5 5 6 6 6 6 6 6 6 6 6 6 6 6 6 6 6 6 6 6 6 6 6 6 6 6 6 6 6 6 6 6 3 3 3 3 3 3 3 3 3 3 3 3 3 3 3 3 3 3 3 3 3 3 3 3 3 3 3 3 3 3 5 5 5 5 5 5 5 5 5 5 5 5 5 5 5 5 5 5 5 5 5 5 5 5 5 5 5 5 5 5 3 3 3 3 3 3 3 3 3 3 3 3 3 3 3 3 3 3 3 3 3 3 3 3 3 3 3 3 3 3 5 5 5 5 5 5 5 5 5 5 5 5 5 5 5 5 5 5 5 5 5 5 5 5 5 5 5 5 5 5 3 3 3 3 3 3 3 3 3 3 3 3 3 3 3 3 3 3 3 3 3 3 3 3 3 3 3 3 3 3 5 5 5 5 5 5 5 5 5 5 5 5 5 5 5 5 5 5 5 5 5 5 5 5 5 5 5 5 5 5 5 5 5 5 5 5 5 5 5 5 5 5 5 5 5 5 5 5 5 5 5 5 5 5 5 5 5 5 5 5 32 32 32 32 32 32 32 32 32 32 32 32 32 32 32 32 32 32 32 32 32 32 32 32 32 32 32 32 32 32 32 32 32 32 32 32 32 32 32 32 32 32 32 32 32 32 32 32 32 32 32 32 32 32 32 32 32 32 32 32 24 24 24 24 24 24 24 24 24 24 24 24 24 24 24 24 24 24 24 24 24 24 24 24 24 24 24 24 24 24 40 40 40 40 40 40 40 40 40 40 40 40 40 40 40 40 40 40 40 40 40 40 40 40 40 40 40 40 40 40 40 40 40 40 40 40 40 40 40 40 40 40 40 40 40 40 40 40 40 40 40 40 40 40 40 40 40 40 40 40 32 32 32 32 32 32 32 32 32 32 32 32 32 32 32 32 32 32 32 32 32 32 32 32 32 32 32 32 32 32 40 40 40 40 40 40 40 40 40 40 40 40 40 40 40 40 40 40 40 40 40 40 40 40 40 40 40 40 40 40 24 24 24 24 24 24 24 24 24 24 24 24 24 24 24 24 24 24 24 24 24 24 24 24 24 24 24 24 24 24 24 24 24 24 24 24 24 24 24 24 24 24 24 24 24 24 24 24 24 24 24 24 24 24 24 24 24 24 24 24 40 40 40 40 40 40 40 40 40 40 40 40 40 40 40 40 40 40 40 40 40 40 40 40 40 40 40 40 40 40]
OrderCost: [6 4 3 3 3 4 6 6 6 6 6 4 5 5 5 3 5 5 6 3 6 5 4 3 5 6 4 5 5 6 6 3 4 5 5 5 3 5 4 3 6 3 4 6 6 6 4 6 5 6 240 168 96 240 256 216 128 288 80 192 120 160 112 256 128 256 80 96 320 160 112 256 96 192 144 144 80 160 256 160 120 288 160 216 80 120 240 256 168 224 96 224 144 320 224 288 192 120 192 168]
