Timesteps: 30
Orders: 50
OU: 10
ResourceTypes: 2
Volumes: [359 378 347 334 317 323 386 300 343 364 359 377 310 342 370 378 389 305 393 348 321 390 357 392 354 320 321 330 306 314 316 364 375 308 399 388 349 395 313 337 326 386 328 392 353 311 398 334 326 350]
OrderRelease: [4 5 0 3 0 6 0 6 7 2 0 3 6 1 9 0 1 9 3 3 5 0 1 2 8 0 8 1 9 7 8 3 6 1 6 3 10 1 9 2 2 9 0 0 4 8 10 9 2 4]
OrderDue: [10 13 17 15 10 12 16 13 23 10 16 22 17 18 20 5 18 24 8 21 13 11 13 21 21 15 15 15 23 15 14 8 23 19 26 19 22 8 27 14 10 26 16 16 13 22 20 22 7 10]
Freeze: [0 1 0 0 0 0 0 0 0 0 0 0 0 0 0 0 0 0 0 0 0 0 0 0 0 0 0 0 0 0 0 0 0 0 0 0 0 0 0 0 0 0 0 0 0 0 0 0 0 0]
FrozenOU: [1]
MinimumDuration: [2 2 8 7 7 5 9 6 1 1 2 1 5 1 9 3 11 0 1 8 2 10 6 9 3 9 0 0 5 4 0 0 12 1 0 9 6 3 12 0 0 5 7 7 1 5 4 1 4 4]
ResourceOUTime: [6 6 6 6 6 6 6 6 6 6 6 6 6 6 6 6 6 6 6 6 6 6 6 6 6 6 6 6 6 6 4 4 4 4 4 4 4 4 4 4 4 4 4 4 4 4 4 4 4 4 4 4 4 4 4 4 4 4 4 4 4 4 4 4 4 4 4 4 4 4 4 4 4 4 4 4 4 4 4 4 4 4 4 4 4 4 4 4 4 4 4 4 4 4 4 4 4 4 4 4 4 4 4 4 4 4 4 4 4 4 4 4 4 4 4 4 4 4 4 4 3 3 3 3 3 3 3 3 3 3 3 3 3 3 3 3 3 3 3 3 3 3 3 3 3 3 3 3 3 3 3 3 3 3 3 3 3 3 3 3 3 3 3 3 3 3 3 3 3 3 3 3 3 3 3 3 3 3 3 3 3 3 3 3 3 3 3 3 3 3 3 3 3 3 3 3 3 3 3 3 3 3 3 3 3 3 3 3 3 3 3 3 3 3 3 3 3 3 3 3 3 3 3 3 3 3 3 3 3 3 3 3 3 3 3 3 3 3 3 3 3 3 3 3 3 3 3 3 3 3 3 3 3 3 3 3 3 3 3 3 3 3 3 3 3 3 3 3 3 3 3 3 3 3 3 3 3 3 3 3 3 3 3 3 3 3 3 3 3 3 3 3 3 3 3 3 3 3 3 3 32 32 32 32 32 32 32 32 32 32 32 32 32 32 32 32 32 32 32 32 32 32 32 32 32 32 32 32 32 32 16 16 16 16 16 16 16 16 16 16 16 16 16 16 16 16 16 16 16 16 16 16 16 16 16 16 16 16 16 16 16 16 16 16 16 16 16 16 16 16 16 16 16 16 16 16 16 16 16 16 16 16 16 16 16 16 16 16 16 16 40 40 40 40 40 40 40 40 40 40 40 40 40 40 40 40 40 40 40 40 40 40 40 40 40 40 40 40 40 40 24 24 24 24 24 24 24 24 24 24 24 24 24 24 24 24 24 24 24 24 24 24 24 24 24 24 24 24 24 24 32 32 32 32 32 32 32 32 32 32 32 32 32 32 32 32 32 32 32 32 32 32 32 32 32 32 32 32 32 32 16 16 16 16 16 16 16 16 16 16 16 16 16 16 16 16 16 16 16 16 16 16 16 16 16 16 16 16 16 16 24 24 24 24 24 24 24 24 24 24 24 24 24 24 24 24 24 24 24 24 24 24 24 24 24 24 24 24 24 24 16 16 16 16 16 16 16 16 16 16 16 16 16 16 16 16 16 16 16 16 16 16 16 16 16 16 16 16 16 16 32 32 32 32 32 32 32 32 32 32 32 32 32 32 32 32 32 32 32 32 32 32 32 32 32 32 32 32 32 32]
OrderCost: [4 6 3 6 5 5 4 3 5 5 4 6 5 3 6 6 5 5 6 3 5 6 6 6 5 3 3 5 3 4 5 4 3 6 6 5 3 6 4 5 3 3 4 4 5 3 5 3 6 6 288 144 224 168 112 216 144 144 80 240 112 216 256 112 144 256 240 96 144 320 240 160 224 120 192 320 128 112 160 192 144 192 288 120 160 224 168 112 192 240 192 160 144 112 144 216 144 160 224 192]
