Timesteps: 30
Orders: 50
OU: 10
ResourceTypes: 2
Volumes: [341 319 350 383 306 309 368 312 346 374 307 364 327 304 311 355 353 308 330 311 370 354 307 372 315 328 380 380 374 307 373 374 350 306 328 305 371 317 337 353 318 369 315 373 339 371 387 323 313 374]
OrderRelease: [9 10 3 5 1 8 1 9 0 9 3 7 10 8 6 5 7 9 7 5 4 3 2 3 1 9 4 8 7 5 7 4 9 1 1 8 6 2 5 2 7 6 0 10 1 8 9 5 5 5]
OrderDue: [29 29 10 12 14 28 8 15 14 28 17 24 26 13 25 21 17 17 27 11 15 17 11 15 18 26 24 15 17 24 24 17 18 19 14 26 22 19 17 11 14 16 9 22 13 13 29 15 18 19]
Freeze: [0 1 0 0 0 0 0 0 0 0 0 0 0 0 0 0 0 0 0 0 0 0 0 0 0 0 0 0 0 0 0 0 0 0 0 0 0 0 0 0 0 0 0 0 0 0 0 0 0 0]
FrozenOU: [1]
MinimumDuration: [10 0 3 6 11 13 1 2 2 14 7 13 5 1 15 15 8 6 16 4 2 7 3 0 0 4 5 4 9 8 15 12 8 6 2 4 3 3 7 8 5 4 5 9 1 3 18 7 9 6]
ResourceOUTime: [4 4 4 4 4 4 4 4 4 4 4 4 4 4 4 4 4 4 4 4 4 4 4 4 4 4 4 4 4 4 6 6 6 6 6 6 6 6 6 6 6 6 6 6 6 6 6 6 6 6 6 6 6 6 6 6 6 6 6 6 5 5 5 5 5 5 5 5 5 5 5 5 5 5 5 5 5 5 5 5 5 5 5 5 5 5 5 5 5 5 3 3 3 3 3 3 3 3 3 3 3 3 3 3 3 3 3 3 3 3 3 3 3 3 3 3 3 3 3 3 6 6 6 6 6 6 6 6 6 6 6 6 6 6 6 6 6 6 6 6 6 6 6 6 6 6 6 6 6 6 6 6 6 6 6 6 6 6 6 6 6 6 6 6 6 6 6 6 6 6 6 6 6 6 6 6 6 6 6 6 6 6 6 6 6 6 6 6 6 6 6 6 6 6 6 6 6 6 6 6 6 6 6 6 6 6 6 6 6 6 3 3 3 3 3 3 3 3 3 3 3 3 3 3 3 3 3 3 3 3 3 3 3 3 3 3 3 3 3 3 4 4 4 4 4 4 4 4 4 4 4 4 4 4 4 4 4 4 4 4 4 4 4 4 4 4 4 4 4 4 4 4 4 4 4 4 4 4 4 4 4 4 4 4 4 4 4 4 4 4 4 4 4 4 4 4 4 4 4 4 24 24 24 24 24 24 24 24 24 24 24 24 24 24 24 24 24 24 24 24 24 24 24 24 24 24 24 24 24 24 16 16 16 16 16 16 16 16 16 16 16 16 16 16 16 16 16 16 16 16 16 16 16 16 16 16 16 16 16 16 24 24 24 24 24 24 24 24 24 24 24 24 24 24 24 24 24 24 24 24 24 24 24 24 24 24 24 24 24 24 40 40 40 40 40 40 40 40 40 40 40 40 40 40 40 40 40 40 40 40 40 40 40 40 40 40 40 40 40 40 24 24 24 24 24 24 24 24 24 24 24 24 24 24 24 24 24 24 24 24 24 24 24 24 24 24 24 24 24 24 40 40 40 40 40 40 40 40 40 40 40 40 40 40 40 40 40 40 40 40 40 40 40 40 40 40 40 40 40 40 32 32 32 32 32 32 32 32 32 32 32 32 32 32 32 32 32 32 32 32 32 32 32 32 32 32 32 32 32 32 24 24 24 24 24 24 24 24 24 24 24 24 24 24 24 24 24 24 24 24 24 24 24 24 24 24 24 24 24 24 24 24 24 24 24 24 24 24 24 24 24 24 24 24 24 24 24 24 24 24 24 24 24 24 24 24 24 24 24 24 16 16 16 16 16 16 16 16 16 16 16 16 16 16 16 16 16 16 16 16 16 16 16 16 16 16 16 16 16 16]
OrderCost: [3 3 4 4 3 4 4 5 6 3 5 6 4 4 3 4 3 4 6 3 3 6 3 4 3 6 3 6 4 5 6 4 5 4 4 3 6 3 4 3 5 4 5 5 6 3 6 4 6 6 144 168 160 120 216 192 160 168 288 216 80 80 112 120 112 128 224 144 288 256 224 112 160 128 112 160 112 144 80 120 120 216 168 192 144 192 96 120 96 240 216 112 216 192 168 112 80 160 288 144]
