Timesteps: 30
Orders: 50
OU: 10
ResourceTypes: 2
Volumes: [307 311 310 346 321 394 385 339 332 377 327 377 304 374 387 320 355 381 350 392 365 347 369 356 364 334 304 303 346 359 340 348 354 367 321 371 322 330 329 303 322 341 322 317 365 365 346 365 386 371]
OrderRelease: [2 7 6 8 5 9 5 5 7 2 6 7 10 8 3 7 4 7 8 8 5 10 7 7 5 9 8 7 7 10 3 5 2 9 4 7 4 4 8 8 8 8 10 9 9 6 4 3 7 8]
OrderDue: [18 14 21 13 16 17 11 11 20 14 14 16 23 20 14 13 22 13 14 24 21 20 19 12 12 17 15 12 13 15 19 18 11 19 14 12 21 10 20 17 14 13 26 17 23 21 24 8 21 27]
Freeze: [1 0 0 0 0 0 0 0 0 0 0 0 0 0 0 0 0 0 0 0 0 0 0 0 0 0 0 0 0 0 0 0 0 0 0 0 0 0 0 0 0 0 0 0 0 0 0 0 0 0]
FrozenOU: [1]
MinimumDuration: [1 0 11 0 0 5 2 3 4 8 6 1 10 5 0 3 15 5 3 14 10 4 0 4 0 2 4 4 1 4 6 1 1 7 8 4 1 3 5 8 3 0 0 2 10 3 9 0 5 13]
ResourceOUTime: [4 4 4 4 4 4 4 4 4 4 4 4 4 4 4 4 4 4 4 4 4 4 4 4 4 4 4 4 4 4 5 5 5 5 5 5 5 5 5 5 5 5 5 5 5 5 5 5 5 5 5 5 5 5 5 5 5 5 5 5 6 6 6 6 6 6 6 6 6 6 6 6 6 6 6 6 6 6 6 6 6 6 6 6 6 6 6 6 6 6 3 3 3 3 3 3 3 3 3 3 3 3 3 3 3 3 3 3 3 3 3 3 3 3 3 3 3 3 3 3 5 5 5 5 5 5 5 5 5 5 5 5 5 5 5 5 5 5 5 5 5 5 5 5 5 5 5 5 5 5 3 3 3 3 3 3 3 3 3 3 3 3 3 3 3 3 3 3 3 3 3 3 3 3 3 3 3 3 3 3 3 3 3 3 3 3 3 3 3 3 3 3 3 3 3 3 3 3 3 3 3 3 3 3 3 3 3 3 3 3 3 3 3 3 3 3 3 3 3 3 3 3 3 3 3 3 3 3 3 3 3 3 3 3 3 3 3 3 3 3 5 5 5 5 5 5 5 5 5 5 5 5 5 5 5 5 5 5 5 5 5 5 5 5 5 5 5 5 5 5 6 6 6 6 6 6 6 6 6 6 6 6 6 6 6 6 6 6 6 6 6 6 6 6 6 6 6 6 6 6 24 24 24 24 24 24 24 24 24 24 24 24 24 24 24 24 24 24 24 24 24 24 24 24 24 24 24 24 24 24 16 16 16 16 16 16 16 16 16 16 16 16 16 16 16 16 16 16 16 16 16 16 16 16 16 16 16 16 16 16 16 16 16 16 16 16 16 16 16 16 16 16 16 16 16 16 16 16 16 16 16 16 16 16 16 16 16 16 16 16 40 40 40 40 40 40 40 40 40 40 40 40 40 40 40 40 40 40 40 40 40 40 40 40 40 40 40 40 40 40 16 16 16 16 16 16 16 16 16 16 16 16 16 16 16 16 16 16 16 16 16 16 16 16 16 16 16 16 16 16 40 40 40 40 40 40 40 40 40 40 40 40 40 40 40 40 40 40 40 40 40 40 40 40 40 40 40 40 40 40 32 32 32 32 32 32 32 32 32 32 32 32 32 32 32 32 32 32 32 32 32 32 32 32 32 32 32 32 32 32 32 32 32 32 32 32 32 32 32 32 32 32 32 32 32 32 32 32 32 32 32 32 32 32 32 32 32 32 32 32 40 40 40 40 40 40 40 40 40 40 40 40 40 40 40 40 40 40 40 40 40 40 40 40 40 40 40 40 40 40 24 24 24 24 24 24 24 24 24 24 24 24 24 24 24 24 24 24 24 24 24 24 24 24 24 24 24 24 24 24]
OrderCost: [5 6 6 6 5 4 6 5 6 3 3 5 4 3 3 5 4 5 4 5 4 6 5 4 5 4 4 5 4 6 3 6 4 3 5 5 6 6 5 3 4 4 6 3 6 6 4 3 4 6 128 192 240 288 128 192 144 256 168 288 128 192 112 128 320 160 256 224 168 256 80 224 128 240 320 80 128 192 224 80 216 120 120 256 256 160 192 192 240 320 120 168 168 224 320 216 144 192 216 192]
